246034862735.59097
0.3838774437558215
319.2958853076784
73.20940216397703
3.408231185574551
0.0
196.7164895190036
0.9
400000
1000
100
0.3333
/app/sispo/data/tmp/
-302460.00007335166
-302459.00007335166
-302457.9933931016
-302456.98635876074
-302455.97932441987
-302454.972290079
-302453.9652557381
-302452.95822139725
-302451.9511870563
-302450.94415271544
-302449.93711837457
-302448.9300840337
-302447.9230496928
-302446.91601535195
-302445.9089810111
-302444.9019466702
-302443.8949123293
-302442.88787798845
-302441.8808436476
-302440.8738093067
-302439.86677496583
-302438.85974062496
-302437.8527062841
-302436.8456719432
-302435.83863760234
-302434.83160326147
-302433.82456892054
-302432.81753457966
-302431.8105002388
-302430.8034658979
-302429.79643155704
-302428.78939721617
-302427.7823628753
-302426.7753285344
-302425.76829419355
-302424.7612598527
-302423.7542255118
-302422.7471911709
-302421.74015683006
-302420.7331224892
-302419.7260881483
-302418.71905380744
-302417.71201946656
-302416.70498512563
-302415.69795078476
-302414.6909164439
-302413.683882103
-302412.67684776214
-302411.66981342126
-302410.6627790804
-302409.6557447395
-302408.64871039864
-302407.64167605777
-302406.6346417169
-302405.627607376
-302404.62057303515
-302403.6135386943
-302402.6065043534
-302401.59947001253
-302400.59243567166
-302399.5854013307
-302398.57836698985
-302397.571332649
-302396.5642983081
-302395.55726396723
-302394.55022962636
-302393.5431952855
-302392.5361609446
-302391.52912660374
-302390.52209226287
-302389.515057922
-302388.5080235811
-302387.50098924024
-302386.4939548994
-302385.4869205585
-302384.4798862176
-302383.47285187675
-302382.4658175359
-302381.45878319495
-302380.4517488541
-302379.4447145132
-302378.4376801723
-302377.43064583145
-302376.4236114906
-302375.4165771497
-302374.40954280883
-302373.40250846796
-302372.3954741271
-302371.3884397862
-302370.38140544534
-302369.37437110447
-302368.3673367636
-302367.3603024227
-302366.35326808185
-302365.346233741
-302364.33919940004
-302363.33216505917
-302362.3251307183
-302361.3180963774
-302360.31106203655
-302359.3040276957
-302358.2969933548
-302357.2899590139
-302356.28292467305
-302355.2758903322
-302354.2688559913
-302353.26182165043
-302352.25478730956
-302351.2477529687
-302350.2407186278
-302349.23368428694
-302348.22664994607
-302347.21961560514
-302346.21258126426
-302345.2055469234
-302344.1985125825
-302343.19147824164
-302342.18444390077
-302341.1774095599
-302340.170375219
